/Library/Java/JavaVirtualMachines/jdk-13.0.1.jdk/Contents/Home/bin/java "-javaagent:/Applications/IntelliJ IDEA CE.app/Contents/lib/idea_rt.jar=57712:/Applications/IntelliJ IDEA CE.app/Contents/bin" -Dfile.encoding=UTF-8 -classpath /Users/amirali/Desktop/amarashifar-cs1c-project08/out/production/src TestFile
Test size of: 20000
2, 16
4, 12
6, 8
8, 7
10, 7
12, 11
14, 13
16, 8
18, 12
20, 9
22, 8
24, 7
26, 11
28, 12
30, 8
32, 9
34, 19
36, 36
38, 38
40, 38
42, 45
44, 37
46, 34
48, 46
50, 38
52, 50
54, 41
56, 36
58, 39
60, 35
62, 37
64, 39
66, 48
68, 47
70, 35
72, 25
74, 28
76, 30
78, 28
80, 12
82, 13
84, 8
86, 8
88, 7
90, 7
92, 8
94, 16
96, 13
98, 16
100, 10
102, 10
104, 8
106, 12
108, 8
110, 8
112, 9
114, 8
116, 6
118, 7
120, 10
122, 8
124, 7
126, 6
128, 9
130, 8
132, 7
134, 8
136, 8
138, 8
140, 10
142, 12
144, 17
146, 16
148, 12
150, 10
152, 8
154, 12
156, 12
158, 15
160, 9
162, 7
164, 10
166, 8
168, 8
170, 7
172, 7
174, 9
176, 12
178, 11
180, 8
182, 8
184, 11
186, 12
188, 12
190, 10
192, 9
194, 9
196, 8
198, 8
200, 8
202, 8
204, 14
206, 16
208, 16
210, 17
212, 19
214, 20
216, 30
218, 22
220, 17
222, 21
224, 14
226, 16
228, 14
230, 17
232, 14
234, 21
236, 8
238, 8
240, 8
242, 8
244, 11
246, 15
248, 10
250, 17
252, 16
254, 11
256, 10
258, 11
260, 13
262, 14
264, 8
266, 5
268, 6
270, 6
272, 5
274, 5
276, 5
278, 6
280, 6
282, 6
284, 5
286, 5
288, 5
290, 6
292, 6
294, 8
296, 18
298, 12
300, 7
Test size of: 60000
2, 15
4, 13
6, 12
8, 19
10, 16
12, 13
14, 16
16, 9
18, 10
20, 10
22, 13
24, 18
26, 16
28, 12
30, 11
32, 9
34, 10
36, 10
38, 10
40, 18
42, 11
44, 11
46, 10
48, 10
50, 10
52, 10
54, 16
56, 19
58, 19
60, 16
62, 17
64, 21
66, 15
68, 16
70, 14
72, 13
74, 15
76, 15
78, 13
80, 20
82, 15
84, 18
86, 29
88, 16
90, 16
92, 11
94, 13
96, 12
98, 13
100, 13
102, 13
104, 12
106, 13
108, 16
110, 18
112, 17
114, 14
116, 14
118, 13
120, 12
122, 13
124, 14
126, 14
128, 12
130, 15
132, 14
134, 14
136, 17
138, 18
140, 16
142, 17
144, 17
146, 14
148, 14
150, 15
152, 14
154, 15
156, 18
158, 17
160, 18
162, 14
164, 14
166, 14
168, 14
170, 20
172, 21
174, 20
176, 20
178, 16
180, 15
182, 15
184, 16
186, 15
188, 16
190, 15
192, 15
194, 16
196, 16
198, 17
200, 16
202, 15
204, 17
206, 16
208, 16
210, 16
212, 17
214, 18
216, 15
218, 16
220, 16
222, 20
224, 22
226, 22
228, 24
230, 20
232, 20
234, 17
236, 17
238, 17
240, 19
242, 18
244, 17
246, 17
248, 17
250, 20
252, 18
254, 21
256, 26
258, 18
260, 18
262, 18
264, 18
266, 18
268, 20
270, 20
272, 18
274, 19
276, 18
278, 18
280, 18
282, 18
284, 18
286, 18
288, 19
290, 19
292, 25
294, 18
296, 19
298, 20
300, 19
Test size of: 80000
2, 14
4, 16
6, 14
8, 13
10, 14
12, 13
14, 13
16, 13
18, 14
20, 13
22, 13
24, 13
26, 13
28, 13
30, 17
32, 18
34, 16
36, 13
38, 13
40, 14
42, 14
44, 13
46, 13
48, 14
50, 16
52, 13
54, 13
56, 14
58, 14
60, 15
62, 14
64, 14
66, 15
68, 16
70, 18
72, 14
74, 19
76, 17
78, 14
80, 16
82, 15
84, 16
86, 15
88, 15
90, 16
92, 16
94, 15
96, 15
98, 16
100, 17
102, 36
104, 31
106, 33
108, 49
110, 32
112, 35
114, 65
116, 40
118, 36
120, 19
122, 18
124, 18
126, 17
128, 19
130, 23
132, 17
134, 17
136, 17
138, 38
140, 45
142, 52
144, 36
146, 34
148, 19
150, 18
152, 26
154, 19
156, 23
158, 24
160, 25
162, 24
164, 26
166, 22
168, 21
170, 22
172, 22
174, 23
176, 25
178, 26
180, 24
182, 24
184, 25
186, 27
188, 21
190, 21
192, 31
194, 37
196, 23
198, 23
200, 22
202, 22
204, 27
206, 22
208, 23
210, 24
212, 28
214, 23
216, 24
218, 34
220, 22
222, 22
224, 22
226, 21
228, 22
230, 23
232, 25
234, 22
236, 24
238, 22
240, 22
242, 23
244, 23
246, 23
248, 24
250, 29
252, 27
254, 30
256, 28
258, 32
260, 28
262, 27
264, 27
266, 28
268, 29
270, 27
272, 28
274, 28
276, 27
278, 25
280, 26
282, 25
284, 28
286, 25
288, 26
290, 57
292, 40
294, 38
296, 34
298, 30
300, 33
Test size of: 100000
2, 29
4, 30
6, 28
8, 20
10, 21
12, 21
14, 21
16, 21
18, 23
20, 20
22, 20
24, 23
26, 18
28, 18
30, 20
32, 22
34, 19
36, 17
38, 17
40, 21
42, 21
44, 19
46, 18
48, 19
50, 20
52, 18
54, 18
56, 19
58, 20
60, 18
62, 20
64, 19
66, 21
68, 19
70, 19
72, 20
74, 20
76, 19
78, 20
80, 20
82, 21
84, 28
86, 20
88, 20
90, 20
92, 20
94, 22
96, 22
98, 22
100, 20
102, 22
104, 21
106, 21
108, 22
110, 22
112, 21
114, 21
116, 27
118, 21
120, 21
122, 21
124, 26
126, 22
128, 22
130, 22
132, 23
134, 22
136, 24
138, 24
140, 22
142, 24
144, 23
146, 23
148, 24
150, 26
152, 23
154, 24
156, 24
158, 24
160, 25
162, 25
164, 26
166, 26
168, 26
170, 25
172, 28
174, 30
176, 29
178, 35
180, 28
182, 27
184, 31
186, 33
188, 30
190, 32
192, 26
194, 27
196, 26
198, 26
200, 28
202, 27
204, 27
206, 30
208, 28
210, 27
212, 27
214, 28
216, 27
218, 27
220, 28
222, 28
224, 30
226, 29
228, 28
230, 28
232, 29
234, 29
236, 29
238, 31
240, 29
242, 29
244, 30
246, 32
248, 29
250, 30
252, 29
254, 29
256, 31
258, 29
260, 30
262, 30
264, 31
266, 30
268, 33
270, 30
272, 31
274, 31
276, 31
278, 32
280, 36
282, 32
284, 32
286, 32
288, 36
290, 32
292, 34
294, 31
296, 33
298, 34
300, 32
Test size of: 150000
2, 42
4, 36
6, 37
8, 32
10, 40
12, 31
14, 32
16, 33
18, 32
20, 32
22, 35
24, 32
26, 34
28, 34
30, 33
32, 35
34, 35
36, 36
38, 35
40, 36
42, 42
44, 40
46, 39
48, 41
50, 39
52, 38
54, 40
56, 40
58, 42
60, 45
62, 48
64, 42
66, 46
68, 45
70, 42
72, 45
74, 43
76, 46
78, 45
80, 46
82, 45
84, 50
86, 50
88, 49
90, 48
92, 48
94, 48
96, 50
98, 49
100, 52
102, 50
104, 52
106, 52
108, 53
110, 54
112, 55
114, 54
116, 55
118, 55
120, 55
122, 58
124, 70
126, 59
128, 58
130, 61
132, 59
134, 59
136, 72
138, 60
140, 63
142, 63
144, 63
146, 63
148, 64
150, 63
152, 67
154, 65
156, 67
158, 66
160, 66
162, 65
164, 69
166, 71
168, 69
170, 71
172, 69
174, 73
176, 70
178, 74
180, 80
182, 73
184, 76
186, 75
188, 75
190, 87
192, 79
194, 76
196, 80
198, 80
200, 132
202, 90
204, 113
206, 102
208, 84
210, 84
212, 84
214, 91
216, 86
218, 83
220, 83
222, 86
224, 84
226, 86
228, 93
230, 86
232, 87
234, 86
236, 92
238, 90
240, 91
242, 88
244, 90
246, 90
248, 89
250, 91
252, 91
254, 92
256, 93
258, 93
260, 108
262, 101
264, 99
266, 96
268, 96
270, 100
272, 99
274, 97
276, 100
278, 101
280, 99
282, 100
284, 109
286, 125
288, 102
290, 105
292, 103
294, 110
296, 105
298, 104
300, 106
Test size of: 200000
2, 50
4, 49
6, 47
8, 46
10, 52
12, 45
14, 50
16, 46
18, 50
20, 47
22, 47
24, 48
26, 48
28, 48
30, 51
32, 48
34, 50
36, 51
38, 52
40, 51
42, 54
44, 55
46, 53
48, 54
50, 55
52, 55
54, 56
56, 58
58, 57
60, 57
62, 59
64, 58
66, 62
68, 59
70, 61
72, 62
74, 62
76, 62
78, 67
80, 63
82, 67
84, 65
86, 66
88, 68
90, 67
92, 68
94, 67
96, 73
98, 72
100, 75
102, 83
104, 116
106, 124
108, 77
110, 85
112, 146
114, 79
116, 77
118, 80
120, 79
122, 80
124, 78
126, 85
128, 80
130, 83
132, 82
134, 85
136, 83
138, 91
140, 85
142, 88
144, 87
146, 88
148, 89
150, 93
152, 89
154, 89
156, 94
158, 90
160, 92
162, 94
164, 95
166, 95
168, 96
170, 97
172, 95
174, 127
176, 111
178, 110
180, 102
182, 102
184, 100
186, 101
188, 103
190, 107
192, 107
194, 104
196, 107
198, 110
200, 105
202, 108
204, 111
206, 121
208, 128
210, 111
212, 110
214, 113
216, 126
218, 115
220, 128
222, 131
224, 119
226, 116
228, 116
230, 121
232, 122
234, 120
236, 120
238, 123
240, 123
242, 120
244, 123
246, 126
248, 125
250, 123
252, 128
254, 127
256, 132
258, 128
260, 134
262, 131
264, 130
266, 132
268, 130
270, 132
272, 136
274, 135
276, 150
278, 147
280, 158
282, 151
284, 169
286, 158
288, 164
290, 142
292, 141
294, 150
296, 143
298, 147
300, 144
Test size of: 300000
2, 103
4, 91
6, 100
8, 104
10, 87
12, 89
14, 92
16, 90
18, 89
20, 95
22, 92
24, 89
26, 92
28, 93
30, 92
32, 92
34, 94
36, 98
38, 95
40, 102
42, 96
44, 121
46, 107
48, 102
50, 101
52, 103
54, 105
56, 104
58, 105
60, 107
62, 106
64, 111
66, 111
68, 109
70, 111
72, 115
74, 117
76, 118
78, 113
80, 119
82, 122
84, 125
86, 118
88, 121
90, 120
92, 121
94, 127
96, 124
98, 127
100, 132
102, 127
104, 157
106, 133
108, 131
110, 137
112, 133
114, 136
116, 133
118, 136
120, 142
122, 138
124, 142
126, 143
128, 147
130, 143
132, 150
134, 164
136, 152
138, 150
140, 148
142, 148
144, 149
146, 151
148, 151
150, 157
152, 162
154, 159
156, 157
158, 161
160, 159
162, 163
164, 161
166, 166
168, 167
170, 172
172, 166
174, 168
176, 167
178, 174
180, 168
182, 171
184, 172
186, 173
188, 174
190, 175
192, 178
194, 181
196, 178
198, 181
200, 181
202, 181
204, 184
206, 182
208, 186
210, 186
212, 190
214, 190
216, 187
218, 191
220, 192
222, 191
224, 192
226, 196
228, 196
230, 200
232, 201
234, 199
236, 200
238, 203
240, 201
242, 202
244, 204
246, 212
248, 208
250, 207
252, 209
254, 212
256, 211
258, 214
260, 222
262, 213
264, 218
266, 219
268, 216
270, 220
272, 220
274, 224
276, 224
278, 224
280, 225
282, 228
284, 227
286, 226
288, 230
290, 232
292, 230
294, 233
296, 232
298, 235
300, 233
Test size of: 400000
2, 119
4, 129
6, 133
8, 128
10, 134
12, 127
14, 129
16, 133
18, 127
20, 134
22, 133
24, 130
26, 133
28, 134
30, 136
32, 134
34, 140
36, 142
38, 139
40, 145
42, 140
44, 144
46, 145
48, 148
50, 148
52, 150
54, 164
56, 158
58, 154
60, 151
62, 156
64, 157
66, 158
68, 156
70, 165
72, 167
74, 161
76, 166
78, 167
80, 164
82, 173
84, 168
86, 172
88, 173
90, 172
92, 177
94, 178
96, 175
98, 181
100, 186
102, 182
104, 189
106, 214
108, 184
110, 191
112, 194
114, 195
116, 194
118, 201
120, 197
122, 198
124, 203
126, 200
128, 200
130, 209
132, 201
134, 204
136, 210
138, 204
140, 208
142, 212
144, 214
146, 214
148, 215
150, 216
152, 218
154, 220
156, 221
158, 223
160, 239
162, 221
164, 226
166, 230
168, 228
170, 231
172, 245
174, 232
176, 239
178, 239
180, 235
182, 241
184, 244
186, 247
188, 241
190, 248
192, 247
194, 248
196, 249
198, 254
200, 258
202, 256
204, 258
206, 254
208, 265
210, 262
212, 259
214, 269
216, 265
218, 267
220, 269
222, 267
224, 280
226, 274
228, 295
230, 276
232, 279
234, 281
236, 286
238, 288
240, 292
242, 283
244, 287
246, 291
248, 290
250, 300
252, 289
254, 293
256, 296
258, 291
260, 298
262, 302
264, 299
266, 302
268, 304
270, 306
272, 304
274, 306
276, 306
278, 309
280, 314
282, 311
284, 313
286, 321
288, 315
290, 323
292, 321
294, 323
296, 329
298, 321
300, 330
Test size of: 500000
2, 155
4, 176
6, 169
8, 172
10, 168
12, 172
14, 167
16, 172
18, 170
20, 181
22, 173
24, 185
26, 179
28, 183
30, 183
32, 176
34, 185
36, 183
38, 182
40, 182
42, 187
44, 188
46, 190
48, 194
50, 190
52, 195
54, 193
56, 202
58, 200
60, 196
62, 203
64, 204
66, 205
68, 211
70, 208
72, 213
74, 214
76, 214
78, 217
80, 217
82, 218
84, 222
86, 226
88, 223
90, 227
92, 228
94, 228
96, 233
98, 238
100, 244
102, 241
104, 241
106, 240
108, 238
110, 244
112, 250
114, 249
116, 247
118, 250
120, 251
122, 257
124, 256
126, 255
128, 267
130, 264
132, 271
134, 308
136, 268
138, 266
140, 270
142, 272
144, 274
146, 279
148, 280
150, 278
152, 299
154, 284
156, 288
158, 291
160, 289
162, 288
164, 288
166, 294
168, 293
170, 298
172, 299
174, 305
176, 303
178, 310
180, 321
182, 350
184, 364
186, 340
188, 316
190, 317
192, 324
194, 336
196, 327
198, 329
200, 349
202, 336
204, 332
206, 331
208, 334
210, 334
212, 345
214, 353
216, 341
218, 344
220, 341
222, 347
224, 360
226, 349
228, 369
230, 378
232, 363
234, 364
236, 372
238, 356
240, 369
242, 414
244, 367
246, 400
248, 372
250, 519
252, 372
254, 377
256, 374
258, 378
260, 382
262, 387
264, 385
266, 382
268, 385
270, 509
272, 393
274, 399
276, 420
278, 400
280, 464
282, 547
284, 505
286, 404
288, 428
290, 419
292, 456
294, 510
296, 453
298, 416
300, 436
Test size of: 550000
2, 165
4, 196
6, 200
8, 193
10, 192
12, 195
14, 194
16, 193
18, 197
20, 202
22, 257
24, 266
26, 297
28, 231
30, 260
32, 251
34, 253
36, 247
38, 228
40, 222
42, 210
44, 214
46, 218
48, 217
50, 255
52, 230
54, 230
56, 224
58, 223
60, 247
62, 241
64, 231
66, 250
68, 233
70, 241
72, 240
74, 253
76, 258
78, 348
80, 326
82, 316
84, 284
86, 251
88, 254
90, 254
92, 260
94, 262
96, 260
98, 265
100, 265
102, 289
104, 270
106, 272
108, 273
110, 288
112, 303
114, 292
116, 298
118, 302
120, 453
122, 426
124, 408
126, 404
128, 364
130, 339
132, 346
134, 321
136, 338
138, 311
140, 303
142, 303
144, 311
146, 312
148, 314
150, 315
152, 326
154, 333
156, 373
158, 351
160, 487
162, 408
164, 399
166, 370
168, 337
170, 338
172, 360
174, 361
176, 468
178, 518
180, 427
182, 415
184, 372
186, 364
188, 366
190, 406
192, 400
194, 388
196, 372
198, 373
200, 371
202, 378
204, 378
206, 377
208, 380
210, 383
212, 382
214, 385
216, 385
218, 395
220, 389
222, 401
224, 391
226, 505
228, 396
230, 405
232, 397
234, 406
236, 425
238, 408
240, 409
242, 408
244, 413
246, 419
248, 414
250, 424
252, 435
254, 433
256, 455
258, 433
260, 438
262, 433
264, 433
266, 440
268, 435
270, 442
272, 441
274, 457
276, 452
278, 450
280, 448
282, 449
284, 454
286, 452
288, 486
290, 455
292, 464
294, 461
296, 465
298, 464
300, 465
Test size of: 600000
2, 189
4, 238
6, 244
8, 221
10, 247
12, 241
14, 235
16, 230
18, 240
20, 245
22, 240
24, 242
26, 232
28, 225
30, 223
32, 230
34, 240
36, 250
38, 229
40, 237
42, 237
44, 250
46, 241
48, 242
50, 242
52, 242
54, 245
56, 249
58, 248
60, 250
62, 252
64, 258
66, 256
68, 270
70, 263
72, 262
74, 269
76, 266
78, 272
80, 272
82, 280
84, 279
86, 277
88, 280
90, 286
92, 285
94, 288
96, 289
98, 295
100, 306
102, 330
104, 304
106, 357
108, 310
110, 304
112, 309
114, 310
116, 327
118, 325
120, 397
122, 333
124, 329
126, 320
128, 324
130, 325
132, 328
134, 330
136, 338
138, 336
140, 335
142, 344
144, 357
146, 352
148, 350
150, 357
152, 357
154, 352
156, 367
158, 359
160, 364
162, 362
164, 373
166, 370
168, 376
170, 373
172, 389
174, 378
176, 383
178, 384
180, 387
182, 385
184, 394
186, 390
188, 392
190, 398
192, 404
194, 403
196, 405
198, 406
200, 413
202, 414
204, 442
206, 407
208, 428
210, 412
212, 424
214, 433
216, 426
218, 423
220, 430
222, 433
224, 434
226, 437
228, 591
230, 513
232, 442
234, 449
236, 451
238, 444
240, 450
242, 452
244, 459
246, 459
248, 457
250, 455
252, 473
254, 464
256, 468
258, 478
260, 472
262, 483
264, 548
266, 560
268, 578
270, 513
272, 509
274, 485
276, 490
278, 494
280, 500
282, 520
284, 501
286, 507
288, 504
290, 507
292, 512
294, 555
296, 634
298, 545
300, 514
Test size of: 700000
2, 283
4, 266
6, 258
8, 258
10, 253
12, 250
14, 288
16, 258
18, 257
20, 261
22, 260
24, 263
26, 262
28, 265
30, 266
32, 272
34, 272
36, 328
38, 275
40, 277
42, 282
44, 317
46, 286
48, 283
50, 289
52, 288
54, 296
56, 295
58, 296
60, 299
62, 304
64, 300
66, 305
68, 311
70, 314
72, 336
74, 318
76, 325
78, 317
80, 325
82, 331
84, 331
86, 333
88, 337
90, 339
92, 339
94, 346
96, 347
98, 341
100, 360
102, 352
104, 348
106, 358
108, 362
110, 363
112, 367
114, 371
116, 377
118, 398
120, 396
122, 396
124, 383
126, 390
128, 385
130, 388
132, 394
134, 393
136, 396
138, 396
140, 405
142, 405
144, 414
146, 414
148, 409
150, 415
152, 415
154, 420
156, 420
158, 424
160, 424
162, 430
164, 431
166, 431
168, 441
170, 439
172, 441
174, 446
176, 456
178, 450
180, 452
182, 449
184, 458
186, 457
188, 461
190, 467
192, 463
194, 468
196, 478
198, 477
200, 476
202, 483
204, 483
206, 487
208, 498
210, 553
212, 509
214, 526
216, 506
218, 520
220, 502
222, 507
224, 507
226, 510
228, 510
230, 517
232, 521
234, 520
236, 523
238, 524
240, 534
242, 531
244, 541
246, 549
248, 542
250, 536
252, 545
254, 551
256, 551
258, 587
260, 632
262, 561
264, 554
266, 564
268, 563
270, 565
272, 573
274, 573
276, 578
278, 575
280, 583
282, 589
284, 592
286, 583
288, 596
290, 593
292, 600
294, 591
296, 605
298, 671
300, 649
Test size of: 800000
2, 276
4, 307
6, 301
8, 304
10, 292
12, 311
14, 318
16, 306
18, 314
20, 296
22, 302
24, 310
26, 309
28, 311
30, 309
32, 316
34, 321
36, 315
38, 342
40, 321
42, 330
44, 334
46, 413
48, 335
50, 332
52, 335
54, 342
56, 341
58, 344
60, 344
62, 354
64, 352
66, 362
68, 358
70, 360
72, 362
74, 370
76, 374
78, 385
80, 391
82, 392
84, 458
86, 392
88, 436
90, 393
92, 395
94, 400
96, 440
98, 406
100, 647
102, 561
104, 406
106, 422
108, 416
110, 421
112, 428
114, 427
116, 435
118, 429
120, 431
122, 436
124, 439
126, 451
128, 445
130, 458
132, 446
134, 455
136, 470
138, 464
140, 464
142, 467
144, 464
146, 471
148, 474
150, 480
152, 480
154, 485
156, 503
158, 487
160, 496
162, 505
164, 510
166, 497
168, 505
170, 528
172, 515
174, 509
176, 521
178, 517
180, 520
182, 523
184, 522
186, 531
188, 531
190, 541
192, 554
194, 541
196, 543
198, 570
200, 551
202, 554
204, 555
206, 566
208, 566
210, 559
212, 576
214, 573
216, 575
218, 590
220, 576
222, 580
224, 589
226, 591
228, 591
230, 597
232, 591
234, 602
236, 603
238, 606
240, 624
242, 654
244, 649
246, 637
248, 623
250, 636
252, 626
254, 632
256, 638
258, 639
260, 677
262, 643
264, 647
266, 648
268, 653
270, 660
272, 664
274, 662
276, 670
278, 667
280, 679
282, 680
284, 678
286, 699
288, 693
290, 703
292, 693
294, 685
296, 690
298, 694
300, 708
Test size of: 900000
2, 330
4, 349
6, 350
8, 352
10, 347
12, 344
14, 345
16, 350
18, 345
20, 348
22, 353
24, 355
26, 356
28, 360
30, 367
32, 364
34, 369
36, 374
38, 370
40, 377
42, 381
44, 397
46, 382
48, 390
50, 446
52, 395
54, 423
56, 426
58, 399
60, 422
62, 403
64, 415
66, 415
68, 488
70, 539
72, 485
74, 475
76, 442
78, 431
80, 450
82, 500
84, 566
86, 588
88, 604
90, 480
92, 487
94, 662
96, 948
98, 593
100, 540
102, 531
104, 516
106, 571
108, 584
110, 515
112, 494
114, 520
116, 520
118, 528
120, 504
122, 550
124, 592
126, 537
128, 545
130, 543
132, 535
134, 551
136, 528
138, 522
140, 527
142, 552
144, 562
146, 560
148, 572
150, 555
152, 612
154, 638
156, 603
158, 601
160, 671
162, 688
164, 712
166, 629
168, 634
170, 1176
172, 1181
174, 927
176, 893
178, 939
180, 1037
182, 938
184, 764
186, 855
188, 866
190, 949
192, 833
194, 882
196, 840
198, 1644
200, 1120
202, 981
204, 995
206, 852
208, 963
210, 820
212, 839
214, 946
216, 1351
218, 1108
220, 1071
222, 1356
224, 1283
226, 1195
228, 1014
230, 1340
232, 969
234, 1048
236, 1187
238, 932
240, 1073
242, 1085
244, 1657
246, 1628
248, 1118
250, 908
252, 926
254, 947
256, 1023
258, 943
260, 855
262, 908
264, 954
266, 891
268, 909
270, 931
272, 863
274, 918
276, 917
278, 887
280, 963
282, 916
284, 934
286, 960
288, 917
290, 972
292, 961
294, 942
296, 958
298, 937
300, 984
Test size of: 1000000
2, 466
4, 526
6, 528
8, 465
10, 466
12, 506
14, 466
16, 459
18, 483
20, 500
22, 547
24, 518
26, 476
28, 543
30, 522
32, 492
34, 491
36, 500
38, 576
40, 512
42, 510
44, 489
46, 536
48, 568
50, 511
52, 506
54, 527
56, 566
58, 544
60, 664
62, 548
64, 546
66, 515
68, 565
70, 588
72, 571
74, 587
76, 589
78, 657
80, 594
82, 586
84, 607
86, 564
88, 601
90, 621
92, 636
94, 609
96, 634
98, 630
100, 606
102, 640
104, 646
106, 619
108, 629
110, 642
112, 633
114, 646
116, 671
118, 748
120, 747
122, 669
124, 655
126, 660
128, 678
130, 675
132, 675
134, 703
136, 708
138, 678
140, 715
142, 716
144, 716
146, 736
148, 725
150, 723
152, 775
154, 724
156, 754
158, 764
160, 736
162, 773
164, 735
166, 777
168, 752
170, 899
172, 835
174, 909
176, 802
178, 884
180, 842
182, 790
184, 826
186, 815
188, 842
190, 879
192, 741
194, 842
196, 834
198, 802
200, 876
202, 899
204, 821
206, 834
208, 898
210, 818
212, 817
214, 864
216, 913
218, 862
220, 886
222, 905
224, 828
226, 853
228, 872
230, 859
232, 861
234, 889
236, 907
238, 854
240, 916
242, 880
244, 884
246, 946
248, 886
250, 936
252, 916
254, 890
256, 944
258, 924
260, 940
262, 956
264, 917
266, 973
268, 911
270, 1004
272, 951
274, 981
276, 949
278, 973
280, 985
282, 955
284, 1000
286, 983
288, 1036
290, 985
292, 1008
294, 1158
296, 956
298, 1037
300, 999
Test size of: 2000000
2, 999
4, 1002
6, 1060
8, 1069
10, 1066
12, 1001
14, 1071
16, 1027
18, 1120
20, 1034
22, 1040
24, 1129
26, 1042
28, 1059
30, 1101
32, 1074
34, 1083
36, 1068
38, 1096
40, 1431
42, 1098
44, 1147
46, 1090
48, 1141
50, 1126
52, 1136
54, 1140
56, 1165
58, 1204
60, 1220
62, 1231
64, 1183
66, 1220
68, 1220
70, 1230
72, 1229
74, 1211
76, 1264
78, 1220
80, 1251
82, 1248
84, 1265
86, 1262
88, 1288
90, 1294
92, 1348
94, 1303
96, 1325
98, 1316
100, 1323
102, 1345
104, 1346
106, 1402
108, 1566
110, 1505
112, 1456
114, 1414
116, 1452
118, 1442
120, 1483
122, 1482
124, 1454
126, 1473
128, 1495
130, 1507
132, 1471
134, 1502
136, 1524
138, 1582
140, 1602
142, 1547
144, 1518
146, 1626
148, 1564
150, 1534
152, 1590
154, 1590
156, 2527
158, 1722
160, 1599
162, 1726
164, 1970
166, 1914
168, 1799
170, 2269
172, 2408
174, 2087
176, 2553
178, 1940
180, 1867
182, 1743
184, 1675
186, 1821
188, 1862
190, 2332
192, 1921
194, 1855
196, 1922
198, 1834
200, 1782
202, 1795
204, 2075
206, 1831
208, 1920
210, 1805
212, 1870
214, 1856
216, 1889
218, 1922
220, 1925
222, 1910
224, 1858
226, 1838
228, 1864
230, 2048
232, 2063
234, 1881
236, 1895
238, 1910
240, 1977
242, 1956
244, 1955
246, 1941
248, 1986
250, 2004
252, 1973
254, 2013
256, 1984
258, 1990
260, 2008
262, 2052
264, 2028
266, 2037
268, 2054
270, 2098
272, 2137
274, 2047
276, 2105
278, 2171
280, 2290
282, 2386
284, 2140
286, 2101
288, 2196
290, 2151
292, 2344
294, 2391
296, 2364
298, 2581
300, 3108
Test size of: 3000000
2, 1848
4, 1868
6, 1490
8, 1823
10, 1869
12, 1520
14, 1645
16, 1504
18, 1621
20, 1486
22, 1526
24, 1418
26, 1606
28, 1599
30, 1464
32, 1453
34, 1441
36, 1460
38, 1551
40, 1945
42, 1999
44, 1750
46, 1570
48, 1541
50, 1638
52, 1669
54, 1580
56, 1554
58, 1612
60, 1919
62, 2073
64, 1626
66, 1675
68, 1615
70, 1803
72, 2062
74, 1735
76, 1699
78, 1725
80, 1810
82, 1694
84, 1800
86, 1691
88, 1726
90, 1727
92, 1802
94, 1781
96, 1788
98, 1819
100, 1822
102, 1775
104, 1815
106, 1811
108, 1813
110, 1861
112, 1841
114, 1848
116, 1850
118, 1863
120, 1902
122, 1916
124, 1921
126, 1926
128, 1920
130, 1941
132, 1945
134, 1952
136, 1965
138, 1978
140, 2006
142, 2040
144, 2325
146, 2039
148, 2025
150, 2113
152, 2080
154, 2068
156, 2154
158, 2114
160, 2140
162, 2112
164, 2182
166, 2561
168, 2223
170, 2206
172, 2366
174, 2219
176, 2222
178, 2202
180, 2216
182, 2225
184, 2471
186, 2240
188, 2333
190, 2287
192, 2271
194, 2304
196, 2291
198, 2347
200, 2335
202, 2324
204, 2325
206, 2336
208, 2363
210, 2464
212, 2645
214, 2643
216, 2386
218, 2400
220, 2403
222, 2415
224, 2424
226, 2439
228, 2474
230, 2461
232, 2497
234, 2472
236, 2489
238, 2535
240, 2528
242, 2522
244, 2551
246, 2548
248, 2559
250, 2582
252, 2651
254, 2585
256, 2600
258, 2687
260, 2643
262, 2633
264, 2820
266, 2808
268, 2674
270, 2694
272, 2711
274, 2730
276, 2716
278, 2731
280, 2741
282, 2740
284, 2785
286, 2773
288, 2797
290, 2784
292, 2835
294, 2942
296, 2831
298, 2862
300, 2859
Test size of: 4000000
2, 1859
4, 1880
6, 1977
8, 1951
10, 2019
12, 1943
14, 1949
16, 1942
18, 1944
20, 1946
22, 2010
24, 1973
26, 1978
28, 2022
30, 1989
32, 2170
34, 2063
36, 2056
38, 2052
40, 2066
42, 2085
44, 2078
46, 2112
48, 2235
50, 2125
52, 2143
54, 2162
56, 2217
58, 2172
60, 2275
62, 2202
64, 2431
66, 2302
68, 2229
70, 2244
72, 2276
74, 2320
76, 2395
78, 2300
80, 2316
82, 2336
84, 2345
86, 2367
88, 2366
90, 2408
92, 2397
94, 2441
96, 2428
98, 2440
100, 2477
102, 2475
104, 2467
106, 2508
108, 2501
110, 2578
112, 2539
114, 2570
116, 2576
118, 2853
120, 2660
122, 2718
124, 2791
126, 2662
128, 2661
130, 2826
132, 2705
134, 2799
136, 2756
138, 2776
140, 2762
142, 2758
144, 2800
146, 2787
148, 2782
150, 2803
152, 2822
154, 2902
156, 2873
158, 2885
160, 2892
162, 2902
164, 2911
166, 2929
168, 2952
170, 2956
172, 3002
174, 2987
176, 2991
178, 3052
180, 3042
182, 3062
184, 3077
186, 3070
188, 3064
190, 3073
192, 3104
194, 3137
196, 3132
198, 3231
200, 3164
202, 3182
204, 3189
206, 3245
208, 3266
210, 3230
212, 3253
214, 3267
216, 3275
218, 3319
220, 3298
222, 3316
224, 3322
226, 3346
228, 3361
230, 3459
232, 3457
234, 3471
236, 3463
238, 3438
240, 3460
242, 3513
244, 3469
246, 3489
248, 3586
250, 3509
252, 3524
254, 3748
256, 3732
258, 4149
260, 3579
262, 3629
264, 4040
266, 3672
268, 3979
270, 4212
272, 4616
274, 7682
276, 5585
278, 6284
280, 4211
282, 5927
284, 6218
286, 6824
288, 8292
290, 5256
292, 4648
294, 4039
296, 3989
298, 4098
300, 4559
Test size of: 6000000
2, 3082
4, 3209
6, 9355
8, 9133
10, 6620
12, 6433
14, 4458
16, 3294
18, 5297
20, 7041
22, 4650
24, 4337
26, 3551
28, 3697
30, 5402
32, 5959
34, 5999
36, 6339
38, 3985
40, 5350
42, 5332
44, 3540
46, 3659
48, 8681
50, 5719
52, 4117
54, 4385
56, 3779
58, 3470
60, 3583
62, 3668
64, 4386
66, 5657
68, 4086
70, 4081
72, 4638
74, 3843
76, 3925
78, 3640
80, 3680
82, 4234
84, 3848
86, 4422
88, 3892
90, 15269
92, 8686
94, 8067
96, 6854
98, 7564
100, 5918
102, 4692
104, 4364
106, 5218
108, 5497
110, 5218
112, 4258
114, 4711
116, 4136
118, 5398
120, 4602
122, 7504
124, 4568
126, 4330
128, 4678
130, 4263
132, 4306
134, 4282
136, 4302
138, 4269
140, 4471
142, 4400
144, 4411
146, 4396
148, 4357
150, 4424
152, 4585
154, 4439
156, 4454
158, 4556
160, 5159
162, 4583
164, 4539
166, 4590
168, 4679
170, 4839
172, 4845
174, 4793
176, 4696
178, 5004
180, 4736
182, 4748
184, 4878
186, 4974
188, 4905
190, 5906
192, 9374
194, 5980
196, 5274
198, 4968
200, 4978
202, 5013
204, 5061
206, 5098
208, 5110
210, 5165
212, 5151
214, 5764
216, 5389
218, 5176
220, 5227
222, 5206
224, 5212
226, 5257
228, 5307
230, 5544
232, 6501
234, 5346
236, 5367
238, 5455
240, 5414
242, 5419
244, 5424
246, 5509
248, 5554
250, 6233
252, 5801
254, 5523
256, 5533
258, 5692
260, 6805
262, 6549
264, 6591
266, 5960
268, 5969
270, 5819
272, 5949
274, 5903
276, 5842
278, 5759
280, 6858
282, 8298
284, 8625
286, 6368
288, 5994
290, 6115
292, 6120
294, 6261
296, 7296
298, 7563
300, 6442
Test size of: 10000000
Exception in thread "main" java.lang.OutOfMemoryError: Java heap space
	at java.base/java.lang.Integer.valueOf(Integer.java:1071)
	at TestFile.createRandomArray(TestFile.java:61)
	at TestFile.recursionLimits(TestFile.java:28)
	at TestFile.main(TestFile.java:13)

Process finished with exit code 1

